2 0.1865235 0.345703 0.373047 0.147136
2 0.018066500000000003 0.352865 0.032227 0.09375
2 0.044922000000000004 0.3522135 0.035156 0.121093
2 0.19335950000000002 0.33658849999999996 0.03906299999999999 0.13671899999999998
2 0.26416 0.360677 0.03417999999999999 0.125
2 0.361328 0.3619795 0.023438000000000014 0.080729
2 0.437988 0.33203150000000003 0.15918 0.143229
2 0.585449 0.344401 0.11425799999999997 0.13151000000000002
2 0.7309570000000001 0.343099 0.03417999999999999 0.113282
2 0.812988 0.3496095 0.05175800000000008 0.131511
2 0.833496 0.348958 0.04394600000000004 0.122396
2 0.8627929999999999 0.349609 0.03417999999999999 0.12109400000000003
2 0.9018555 0.344401 0.032227000000000006 0.10026000000000002
2 0.924805 0.3528645 0.027344000000000035 0.12239499999999998
2 0.9472655000000001 0.347656 0.03320299999999998 0.130208
2 0.9931639999999999 0.352865 0.011718000000000006 0.158854
3 0.2011715 0.479167 0.09179700000000002 0.059896000000000005
3 0.2602535 0.5371094999999999 0.12011699999999997 0.07682299999999997
3 0.2817385 0.4361975 0.04980499999999999 0.015625
3 0.296875 0.4524735 0.07031200000000004 0.04817699999999997
3 0.3271485 0.4453125 0.07226500000000002 0.05208299999999999
3 0.4941405 0.606771 0.12304700000000007 0.09895799999999999
3 0.8115235000000001 0.4941405 0.089843 0.050780999999999965
