1 0.005 0.7116665 0.01 0.03833299999999995
1 0.009375 0.7245835 0.01875 0.03916700000000006
1 0.019375 0.82125 0.03625 0.039166000000000034
1 0.020937499999999998 0.8020835 0.019375 0.029167000000000054
1 0.05875 0.8479165 0.045000000000000005 0.044166999999999956
1 0.05 0.755 0.02375 0.04166599999999998
1 0.5225 0.6891665 0.93625 0.213333
1 0.0653125 0.7454165 0.018124999999999995 0.035833000000000004
1 0.07906250000000001 0.722083 0.009375000000000008 0.02749999999999997
1 0.08687500000000001 0.7429165 0.013749999999999998 0.04083300000000001
1 0.1109375 0.71625 0.015625 0.029165999999999914
1 0.12625 0.75125 0.012500000000000011 0.03749999999999998
1 0.14625 0.8833335 0.035 0.06333300000000008
1 0.1384375 0.7291665 0.014374999999999999 0.03833300000000006
1 0.156875 0.83 0.04250000000000001 0.043333999999999984
1 0.1546875 0.71625 0.015625 0.03583400000000003
1 0.1671875 0.7350000000000001 0.019375000000000003 0.046665999999999985
1 0.18906250000000002 0.7366665 0.024375000000000008 0.036667000000000005
1 0.19625 0.79625 0.03875000000000001 0.04416599999999993
1 0.210625 0.7558335 0.04000000000000001 0.036667000000000005
1 0.210625 0.7262500000000001 0.0325 0.03583400000000003
1 0.224375 0.7704169999999999 0.017499999999999988 0.03749999999999998
1 0.2315625 0.8791665 0.021875000000000006 0.04833300000000007
1 0.2653125 0.7775000000000001 0.016874999999999973 0.04833399999999999
1 0.26656250000000004 0.7479169999999999 0.014374999999999971 0.03749999999999998
1 0.321875 0.7270829999999999 0.013749999999999984 0.02749999999999997
1 0.34843749999999996 0.7566665 0.023125000000000007 0.03833299999999995
1 0.36250000000000004 0.7858335000000001 0.028749999999999998 0.04166700000000001
1 0.38 0.7479165 0.03249999999999997 0.02416700000000005
1 0.4265625 0.7879165 0.03187499999999999 0.03416700000000006
1 0.4746875 0.77875 0.020625000000000004 0.025834000000000024
1 0.4809375 0.97 0.021875000000000033 0.058334
1 0.495625 0.8049999999999999 0.03125 0.04500000000000004
1 0.5096875 0.7779164999999999 0.015625 0.02083299999999999
1 0.52 0.7829170000000001 0.03125 0.03749999999999998
1 0.5215624999999999 0.905833 0.030625000000000013 0.050000000000000044
1 0.5540625 0.7920834999999999 0.028124999999999956 0.03416699999999995
1 0.563125 0.80375 0.023749999999999938 0.029166000000000025
1 0.5925 0.8095835 0.03374999999999995 0.025832999999999995
1 0.610625 0.860833 0.04125000000000001 0.04999999999999993
1 0.62375 0.7504165 0.012499999999999956 0.025832999999999995
1 0.6546875 0.75125 0.015625 0.02416600000000002
1 0.6653125 0.767917 0.02562500000000001 0.02749999999999997
1 0.6746875 0.8179165 0.02187500000000009 0.025832999999999995
1 0.7040625 0.8275 0.024375000000000036 0.04499999999999993
1 0.7040625 0.742917 0.018125000000000058 0.032500000000000084
1 0.7103125 0.7758335000000001 0.018124999999999947 0.021666999999999992
1 0.7228125 0.764583 0.016874999999999973 0.02750000000000008
1 0.7421875 0.7720834999999999 0.016874999999999973 0.029167000000000054
1 0.7496875000000001 0.620833 0.026875000000000093 0.030000000000000027
1 0.7609375 0.7645835000000001 0.015625 0.030833
1 0.7753125000000001 0.8466665 0.021874999999999978 0.053333000000000075
1 0.7853125000000001 0.7749999999999999 0.018125000000000058 0.02833399999999997
1 0.8028124999999999 0.8270835000000001 0.021874999999999978 0.03416699999999995
1 0.8290625 0.77875 0.015625 0.030833999999999917
1 0.9053125 0.974167 0.06437499999999996 0.050000000000000044
1 0.909375 0.759583 0.028749999999999942 0.02750000000000008
1 0.93875 0.8666665 0.036250000000000004 0.05833299999999997
1 0.9390624999999999 0.7620835 0.020625000000000004 0.025832999999999995
1 0.9478125 0.787083 0.02312499999999995 0.02749999999999997
1 0.975625 0.8775 0.04500000000000004 0.05500000000000005
1 0.9634375 0.7695835 0.018125000000000058 0.02416700000000005
1 0.975625 0.6120829999999999 0.006249999999999978 0.012500000000000067
1 0.994375 0.974167 0.010000000000000009 0.050000000000000044
