1 0.1921875 0.6453975000000001 0.031875000000000014 0.010460999999999943
1 0.1878125 0.5904815 0.018125000000000002 0.030335
1 0.1959375 0.634414 0.024375000000000008 0.011506000000000016
1 0.20750000000000002 0.6234310000000001 0.037500000000000006 0.01464399999999999
1 0.2040625 0.6417364999999999 0.02562500000000001 0.02196699999999996
1 0.2009375 0.5967575 0.016875 0.017782999999999993
1 0.20875 0.5392254999999999 0.018750000000000017 0.03870300000000004
1 0.21781250000000002 0.5381795 0.016875 0.040795000000000026
1 0.2503125 0.66318 0.02562500000000001 0.02092000000000005
1 0.2690625 0.5151675 0.01687500000000003 0.034518999999999966
1 0.2759375 0.459728 0.02312499999999995 0.021965999999999986
1 0.3003125 0.4403765 0.015625 0.02928900000000001
1 0.3278125 0.422071 0.024375000000000036 0.028242000000000045
1 0.3253125 0.502615 0.016874999999999973 0.030333999999999972
1 0.343125 0.502615 0.006249999999999978 0.01778200000000002
1 0.35875 0.4796025 0.013749999999999984 0.028243000000000018
1 0.3728125 0.5303344999999999 0.016874999999999973 0.02928900000000001
1 0.385625 0.54341 0.02124999999999999 0.026150000000000007
1 0.391875 0.463912 0.00874999999999998 0.021965999999999986
1 0.41718750000000004 0.5130755 0.018125000000000002 0.02196700000000007
1 0.4809375 0.530335 0.013124999999999998 0.016736000000000084
1 0.5809375 0.5230125 0.018124999999999947 0.02301299999999995
1 0.6728125 0.5455019999999999 0.021874999999999978 0.026150000000000007
1 0.6965625 0.6804395 0.021874999999999978 0.030335
1 0.7065625 0.5690375000000001 0.018124999999999947 0.02928900000000001
1 0.7509375 0.5611925 0.016874999999999973 0.024059000000000053
1 0.7878125 0.580544 0.02937500000000004 0.010460000000000025
1 0.84625 0.585774 0.015000000000000013 0.012552000000000008
1 0.9103125 0.591004 0.015625 0.006275999999999948
1 0.9721875 0.6103555 0.024375000000000036 0.032427000000000095
