2 0.8243750000000001 0.554622 0.15374999999999994 0.507936
2 0.34125 0.4253035 0.6825 0.676937
2 0.6421875 0.4341735 0.10687500000000005 0.154995
2 0.6793750000000001 0.713352 0.06999999999999995 0.435108
2 0.7440625000000001 0.46451950000000003 0.11812499999999992 0.12418300000000004
2 0.7284375000000001 0.4183005 0.08187500000000003 0.143791
2 0.7665625 0.20915050000000002 0.03437499999999993 0.14192300000000002
2 0.785 0.3352005 0.06125000000000003 0.123249
2 0.78125 0.261438 0.0462499999999999 0.22782400000000003
2 0.88375 0.3286645 0.05625000000000002 0.143791
2 0.910625 0.365546 0.05874999999999997 0.18394
3 0.029375 0.6895425 0.05875 0.197013
