2 0.03125 0.521576 0.06 0.24765399999999993
2 0.076875 0.5159475 0.056249999999999994 0.23639699999999997
2 0.130625 0.5239210000000001 0.06125 0.19606
2 0.2278125 0.544559 0.148125 0.47936200000000007
2 0.34562499999999996 0.5393995 0.09749999999999998 0.36585300000000004
2 0.366875 0.4615385 0.030000000000000027 0.13320900000000002
2 0.393125 0.464822 0.036250000000000004 0.12664200000000003
2 0.5328125 0.530019 0.22562500000000002 0.849906
2 0.6103125 0.5145405000000001 0.09062500000000007 0.29174500000000003
2 0.9434374999999999 0.533771 0.11187500000000006 0.930582
