2 0.8209375000000001 0.838561 0.06312499999999999 0.24354199999999993
2 0.3096875 0.6683575 0.04562500000000003 0.05996299999999999
2 0.4659375 0.5078415000000001 0.005624999999999991 0.04151300000000002
2 0.5240625 0.575646 0.01937499999999992 0.09040599999999999
2 0.55625 0.8168820000000001 0.050000000000000044 0.119004
2 0.629375 0.6153135000000001 0.02124999999999999 0.057194999999999996
2 0.651875 0.6143915 0.012499999999999956 0.09225099999999997
2 0.683125 0.7739855 0.04249999999999998 0.23062699999999992
2 0.7209375 0.8090405 0.07437500000000008 0.23985299999999998
2 0.7378125 0.773524 0.02562500000000001 0.18727000000000005
2 0.7709375 0.6259224999999999 0.028125000000000067 0.10793299999999995
2 0.7940624999999999 0.6333025000000001 0.020625000000000004 0.100553
2 0.8125 0.62869 0.008750000000000036 0.087638
