1 0.07875 0.36210149999999997 0.008750000000000008 0.013133000000000006
1 0.085625 0.4108815 0.012499999999999997 0.015008999999999995
1 0.1009375 0.27251400000000003 0.015625 0.019699999999999995
1 0.340625 0.38227 0.015000000000000013 0.01970000000000005
1 0.391875 0.285178 0.014999999999999958 0.0018759999999999888
1 0.42593749999999997 0.2687615 0.011875000000000024 0.012195000000000011
1 0.440625 0.237336 0.015000000000000013 0.016885999999999984
1 0.46625 0.1763605 0.015000000000000013 0.015008999999999995
1 0.495625 0.37758 0.022499999999999964 0.02532799999999996
1 0.5246875 0.1763605 0.013125000000000053 0.015008999999999995
1 0.5815625 0.36397749999999995 0.015625 0.013133000000000006
1 0.621875 0.259381 0.01375000000000004 0.019699999999999995
1 0.6409374999999999 0.203565 0.024374999999999925 0.022514000000000006
1 0.64375 0.344747 0.01375000000000004 0.021575999999999984
1 0.6684375 0.364916 0.015625 0.02251399999999998
1 0.705625 0.048780500000000004 0.012500000000000067 0.020636999999999996
1 0.75 0.3986865 0.013749999999999929 0.01313299999999995
1 0.753125 0.2237335 0.020000000000000018 0.014071
1 0.7828125 0.0351785 0.018124999999999947 0.014071
1 0.78 0.28424 0.010000000000000009 0.015009999999999968
1 0.7990625 0.477486 0.020625000000000004 0.028142
1 0.8453124999999999 0.076454 0.020625000000000004 0.015948000000000004
1 0.8621875 0.07833 0.018124999999999947 0.027204000000000006
1 0.8984375 0.1055345 0.014375000000000027 0.027205000000000007
1 0.9165625 0.08818000000000001 0.01937500000000003 0.022513999999999992
1 0.9478125 0.072702 0.020625000000000004 0.023452
