1 0.09958349999999999 0.271875 0.08416699999999999 0.03750000000000003
1 0.1904165 0.3209375 0.07916700000000002 0.03562500000000002
1 0.249583 0.2840625 0.10250000000000001 0.034375000000000044
1 0.275 0.396875 0.09333399999999997 0.03125
1 0.3670835 0.40874999999999995 0.090833 0.03375
1 0.3908335 0.315625 0.098333 0.03249999999999997
1 0.44875 0.49 0.09083400000000003 0.03249999999999997
1 0.5070835 0.5446875 0.09416699999999995 0.03562500000000002
1 0.6620835 0.4603125 0.08583299999999994 0.03187499999999999
1 0.666667 0.7409375 0.08000000000000007 0.02937500000000004
1 0.672083 0.7709375 0.08250000000000002 0.024374999999999925
