2 0.2097975 0.8168515000000001 0.076351 0.293643
2 0.0155405 0.295661 0.031081 0.04238200000000003
2 0.052027000000000004 0.8567105 0.097298 0.276489
2 0.109122 0.5509585 0.037162000000000014 0.181635
2 0.20709450000000001 0.2986885 0.015541 0.04036299999999998
2 0.3662165 0.304238 0.277027 0.067608
2 0.2523645 0.6508575 0.043919000000000014 0.266397
2 0.2864865 0.5529765 0.021621 0.086781
2 0.3222975 0.5090815 0.027027000000000023 0.09384500000000007
2 0.347973 0.846115 0.06756800000000002 0.3057519999999999
2 0.33378399999999997 0.502018 0.01351399999999997 0.08778999999999998
2 0.3739865 0.463673 0.03851300000000002 0.08779000000000003
2 0.375 0.48486399999999996 0.02162200000000003 0.08778999999999998
2 0.4206085 0.48082749999999996 0.03581100000000004 0.10797099999999998
2 0.4506755 0.4475275 0.021621 0.097881
2 0.47331049999999997 0.43945500000000004 0.03581099999999998 0.136226
2 0.49054050000000005 0.463673 0.024324999999999986 0.041371999999999964
2 0.5091220000000001 0.45862749999999997 0.012838000000000016 0.017154999999999976
2 0.5466215 0.4480325 0.02432499999999993 0.080727
2 0.5773645000000001 0.899092 0.06418899999999994 0.19979799999999992
2 0.5537160000000001 0.30222000000000004 0.015539999999999998 0.05146400000000001
2 0.5722974999999999 0.4540865 0.027027000000000023 0.09081700000000004
2 0.5631755 0.29667 0.006081000000000003 0.03632599999999997
2 0.5702704999999999 0.2926335 0.014865000000000017 0.044398999999999966
2 0.5820945 0.300202 0.012836999999999987 0.055499999999999994
2 0.6087834999999999 0.4520685 0.02297300000000002 0.036327
2 0.6179049999999999 0.293138 0.012838000000000016 0.06357200000000002
2 0.629054 0.4677095 0.025676000000000032 0.055498999999999965
2 0.6287165 0.28809300000000004 0.01959500000000003 0.06962600000000002
2 0.65 0.42936450000000004 0.033784000000000036 0.10191699999999998
2 0.6554055000000001 0.292634 0.02432500000000004 0.07063600000000003
2 0.702703 0.43996 0.025676000000000032 0.072654
2 0.7091215 0.300202 0.01824300000000001 0.055499999999999994
2 0.7368239999999999 0.5706359999999999 0.04527000000000003 0.134208
2 0.737162 0.48990900000000004 0.024324000000000012 0.136226
2 0.779054 0.4137235 0.029730000000000034 0.08879900000000002
2 0.7854730000000001 0.4510595 0.016892000000000018 0.036327
2 0.800338 0.3017155 0.012837999999999905 0.08879900000000002
2 0.8466214999999999 0.39556 0.025675000000000003 0.036326000000000025
2 0.8591215 0.294147 0.01824300000000001 0.06559000000000004
2 0.9236489999999999 0.793643 0.06621599999999994 0.13824400000000003
2 0.9216215000000001 0.28708350000000005 0.021621 0.07164500000000001
2 0.9236485000000001 0.5095864999999999 0.014865000000000017 0.08879899999999996
2 0.9422295 0.46115 0.014188999999999896 0.07467199999999996
2 0.9489865 0.29667 0.012836999999999987 0.044399999999999995
2 0.9594594999999999 0.386478 0.025675000000000003 0.07668999999999998
2 0.9564185 0.456105 0.014189000000000007 0.06458199999999997
2 0.9780405 0.790616 0.03716300000000006 0.08577199999999996
2 0.9827705 0.39909150000000004 0.02364900000000003 0.10191699999999998
2 0.981081 0.288093 0.010809999999999986 0.061554
2 0.9929055 0.28910199999999997 0.010135000000000005 0.05550000000000005
