1 0.0040625 0.41374999999999995 0.008125 0.012500000000000011
1 0.0303125 0.2004165 0.023125000000000003 0.030833
1 0.0540625 0.4275 0.019375000000000003 0.015000000000000013
1 0.0590625 0.23041699999999998 0.024374999999999994 0.0325
1 0.060625 0.4504165 0.027499999999999997 0.030833
1 0.060937500000000006 0.38625 0.01812500000000001 0.024165999999999965
1 0.081875 0.42125 0.03875000000000001 0.04416599999999998
1 0.078125 0.4625 0.026249999999999996 0.038334000000000035
1 0.09468750000000001 0.44875 0.013125000000000012 0.024165999999999965
1 0.0984375 0.42541700000000005 0.020625000000000004 0.02250000000000002
1 0.1115625 0.4325 0.013124999999999998 0.021665999999999963
1 0.1240625 0.41541649999999997 0.014374999999999999 0.01916699999999999
1 0.13874999999999998 0.42625 0.017499999999999988 0.02083400000000002
1 0.15875 0.06125 0.04249999999999998 0.08249999999999999
1 0.1540625 0.3729165 0.023125000000000007 0.024166999999999994
1 0.179375 0.190417 0.024999999999999994 0.07250000000000001
1 0.1790625 0.34125 0.020624999999999977 0.019166000000000016
1 0.2053125 0.37124999999999997 0.06562500000000002 0.04083399999999998
1 0.1921875 0.5120835 0.019375000000000003 0.029167
1 0.2084375 0.6074999999999999 0.033125000000000016 0.04500000000000004
1 0.2109375 0.5575 0.023125000000000007 0.01666600000000007
1 0.2103125 0.34875 0.014374999999999999 0.02749999999999997
1 0.21625 0.577083 0.017500000000000016 0.022499999999999964
1 0.2415625 0.14500000000000002 0.048125 0.098334
1 0.23812499999999998 0.5066665 0.03624999999999998 0.018332999999999988
1 0.2603125 0.47541649999999996 0.06437499999999999 0.06416699999999997
1 0.253125 0.535 0.035 0.03166599999999997
1 0.24906250000000002 0.5779164999999999 0.021875000000000006 0.010832999999999982
1 0.25375 0.034583 0.026249999999999968 0.0325
1 0.2478125 0.5608335 0.011874999999999969 0.01333300000000004
1 0.253125 0.50125 0.013750000000000012 0.02916599999999997
1 0.27312499999999995 0.43875 0.028749999999999998 0.020833999999999964
1 0.275625 0.3320835 0.023749999999999993 0.030833
1 0.2925 0.0604165 0.05375000000000002 0.035833
1 0.27625 0.47625 0.01375000000000004 0.030834000000000028
1 0.28812499999999996 0.5900000000000001 0.03750000000000003 0.03833399999999998
1 0.2796875 0.6125 0.015625 0.013334000000000068
1 0.28093749999999995 0.39125 0.018125000000000002 0.019166000000000016
1 0.2846875 0.4504165 0.020625000000000004 0.02416700000000005
1 0.2896875 0.3308335 0.02562500000000001 0.033333
1 0.3040625 0.4620835 0.033125000000000016 0.01916699999999999
1 0.29625 0.542083 0.012500000000000011 0.01750000000000007
1 0.30843750000000003 0.2491665 0.021875000000000033 0.031667
1 0.30843750000000003 0.5625 0.019374999999999976 0.01666600000000007
1 0.30843750000000003 0.4941665 0.011875000000000024 0.053332999999999964
1 0.3125 0.1654165 0.016249999999999987 0.025832999999999995
1 0.32999999999999996 0.636667 0.04375000000000001 0.020000000000000018
1 0.3184375 0.33625 0.015625 0.029166000000000025
1 0.3228125 0.41375 0.024375000000000036 0.029166000000000025
1 0.3246875 0.50125 0.018125000000000002 0.03249999999999997
1 0.333125 0.42833350000000003 0.025000000000000022 0.038333000000000006
1 0.334375 0.24583349999999998 0.00874999999999998 0.05166699999999999
1 0.3765625 0.3754165 0.07937500000000003 0.06916699999999998
1 0.3434375 0.585833 0.011874999999999969 0.015000000000000013
1 0.34875 0.28875 0.008750000000000036 0.030834000000000028
1 0.3659375 0.5404165000000001 0.015625 0.02083299999999999
1 0.395 0.3025 0.03750000000000003 0.05499999999999999
1 0.38468749999999996 0.6391665 0.014374999999999971 0.021666999999999992
1 0.4015625 0.6020829999999999 0.01937500000000003 0.02749999999999997
1 0.4015625 0.6279165 0.016874999999999973 0.030833
1 0.4221875 0.6320835 0.014375000000000027 0.035833000000000004
1 0.4371875 0.6354165 0.020625000000000004 0.025832999999999995
1 0.4559375 0.19583299999999998 0.05062500000000003 0.035
1 0.4440625 0.59375 0.02437499999999998 0.030834000000000028
1 0.450625 0.52875 0.01375000000000004 0.019165999999999905
1 0.4584375 0.629583 0.021874999999999978 0.02750000000000008
1 0.4821875 0.6375 0.015625 0.021666000000000074
1 0.5062500000000001 0.015 0.03500000000000003 0.03
1 0.508125 0.57875 0.023749999999999993 0.029166000000000025
1 0.5084375 0.37916700000000003 0.018124999999999947 0.02999999999999997
1 0.525 0.1795835 0.04125000000000001 0.119167
1 0.5146875 0.4970835 0.015625 0.020832999999999935
1 0.5159374999999999 0.5229165 0.013124999999999942 0.02083299999999999
1 0.525 0.6383335 0.023749999999999938 0.016666999999999987
1 0.5221875 0.3645835 0.015625 0.04083300000000001
1 0.5296875 0.5079165 0.016874999999999973 0.025832999999999995
1 0.5403125 0.26791699999999996 0.015625 0.027500000000000024
1 0.5540625 0.5254165 0.02937499999999993 0.015832999999999986
1 0.5509375 0.47375 0.015625 0.022499999999999964
1 0.5584374999999999 0.027916999999999997 0.020625000000000004 0.0325
1 0.5609375000000001 0.620417 0.020625000000000004 0.012499999999999956
1 0.56375 0.46875 0.026249999999999996 0.019166000000000016
1 0.5809375 0.6487499999999999 0.014375000000000027 0.020833999999999908
1 0.5915625 0.45125000000000004 0.02187500000000009 0.02916599999999997
1 0.5990625 0.43875 0.024374999999999925 0.030833999999999973
1 0.6203125 0.65375 0.02312499999999995 0.020833999999999908
1 0.6387499999999999 0.37833300000000003 0.04375000000000007 0.019999999999999962
1 0.6303125 0.2345835 0.021874999999999978 0.060833000000000026
1 0.6390625 0.59625 0.016874999999999973 0.025834000000000024
1 0.6515625 0.1383335 0.03562500000000002 0.046667
1 0.6571875 0.4075 0.014375000000000027 0.051666000000000045
1 0.6715625000000001 0.55625 0.04062500000000002 0.03249999999999997
1 0.6871875000000001 0.4325 0.021874999999999978 0.021665999999999963
1 0.683125 0.39708350000000003 0.008750000000000036 0.014166999999999985
1 0.7684375 0.5320835 0.016874999999999973 0.025832999999999995
1 0.833125 0.6158334999999999 0.03750000000000009 0.04166700000000001
1 0.8878125 0.5920829999999999 0.023125000000000062 0.02749999999999997
