2 0.043125 0.0590995 0.056249999999999994 0.118199
2 0.17343750000000002 0.6533774999999999 0.021875000000000006 0.030957000000000012
2 0.19718750000000002 0.6646345 0.02312499999999998 0.032833
2 0.215625 0.6885555 0.017499999999999988 0.07692300000000007
2 0.2396875 0.6988745000000001 0.028124999999999983 0.05628500000000003
2 0.26875 0.7087239999999999 0.02749999999999997 0.06285200000000002
2 0.2984375 0.7002815 0.026875000000000038 0.053471000000000046
2 0.5184375 0.510319 0.02187500000000009 0.06941799999999998
2 0.5696874999999999 0.7800185 0.021874999999999978 0.0590989999999999
2 0.7525 0.5708255 0.057499999999999996 0.09662300000000001
2 0.836875 0.8681989999999999 0.07250000000000001 0.066604
2 0.829375 0.5544089999999999 0.04749999999999999 0.060037999999999925
2 0.9853125 0.9493435 0.028125000000000067 0.099437
