2 0.037326 0.453704 0.059028 0.17592600000000003
2 0.0815975 0.4947915 0.08333299999999999 0.09143500000000004
2 0.111979 0.4658565 0.06944399999999999 0.15856500000000007
2 0.1449655 0.5063655 0.022569000000000006 0.033564999999999956
2 0.15408 0.496528 0.02690999999999999 0.03472200000000003
2 0.1762155 0.49884249999999997 0.017361000000000015 0.03703699999999999
2 0.203993 0.4988425 0.01736199999999999 0.030093000000000036
2 0.2361115 0.49537 0.015625 0.05092599999999997
2 0.292101 0.501736 0.099826 0.11226799999999998
2 0.25390650000000003 0.48263900000000004 0.018228999999999995 0.034721999999999975
2 0.359375 0.4878475 0.07465200000000005 0.11458300000000005
2 0.3632815 0.5127315 0.05121500000000001 0.06481500000000007
2 0.3971355 0.5081015 0.035590999999999984 0.06481500000000001
2 0.4457465 0.517361 0.04774299999999998 0.05555600000000005
2 0.45529549999999996 0.4820605 0.044271000000000005 0.06828699999999999
2 0.4769965 0.5086805000000001 0.056423 0.07060100000000002
2 0.608941 0.5480324999999999 0.06163200000000002 0.08449099999999998
2 0.6132815 0.45544000000000007 0.04079900000000003 0.10532400000000003
2 0.634115 0.48784700000000003 0.03211799999999998 0.049768000000000034
2 0.6267365 0.490162 0.015625 0.03125
2 0.657552 0.49884249999999997 0.03559000000000001 0.06944499999999998
2 0.6966145 0.510995 0.04079900000000003 0.16782399999999997
2 0.7256945 0.49884249999999997 0.02256900000000006 0.06944499999999998
2 0.7686634999999999 0.5121525 0.04600700000000002 0.04050899999999996
2 0.7877605 0.49594900000000003 0.02864500000000003 0.08680600000000005
