2 0.6440625 0.7642045 0.04562500000000003 0.21931899999999993
2 0.0246875 0.6613640000000001 0.013125000000000001 0.07500000000000007
2 0.0696875 0.659091 0.020625000000000004 0.07499999999999996
2 0.2515625 0.6772724999999999 0.020625000000000032 0.08409100000000003
2 0.3046875 0.669318 0.016874999999999973 0.056818000000000035
2 0.3359375 0.675 0.010624999999999996 0.07272800000000001
2 0.4084375 0.6738635 0.014375000000000027 0.07045500000000005
2 0.43218749999999995 0.6761364999999999 0.013124999999999998 0.07045500000000005
2 0.475 0.646023 0.013749999999999984 0.023863999999999996
2 0.595 0.684659 0.09250000000000003 0.13295400000000002
2 0.6903125 0.6738635 0.01937499999999992 0.08863699999999997
2 0.7371875 0.4982955 0.07437500000000008 0.14659099999999997
2 0.9484375 0.484091 0.10187500000000005 0.16136399999999995
