2 0.209375 0.39024400000000004 0.048750000000000016 0.15572199999999997
2 0.25875000000000004 0.3522515 0.10125 0.24484099999999998
2 0.3846875 0.301126 0.03562500000000002 0.065666
2 0.399375 0.3527205 0.0625 0.230769
2 0.4675 0.359756 0.09375 0.27486
2 0.5096875 0.345216 0.03437499999999999 0.168856
2 0.5646875 0.34802999999999995 0.04437500000000005 0.15197
2 0.59625 0.2889305 0.03874999999999995 0.16322699999999998
2 0.653125 0.258443 0.04500000000000004 0.11163200000000001
2 0.7621875 0.295028 0.03187499999999999 0.038461999999999996
2 0.8609375 0.3822705 0.07562500000000005 0.12288900000000003
2 0.8734375 0.3095685 0.04437500000000005 0.07879900000000001
