2 0.09531250000000001 0.6477485000000001 0.079375 0.25046899999999994
2 0.33249999999999996 0.619137 0.45375 0.32270199999999993
2 0.1559375 0.727017 0.076875 0.23077000000000003
2 0.2375 0.6669795 0.05124999999999999 0.230769
2 0.2890625 0.7063790000000001 0.07187500000000002 0.22514
2 0.388125 0.684803 0.05249999999999999 0.22326400000000002
2 0.433125 0.585835 0.057499999999999996 0.19043199999999993
2 0.459375 0.55394 0.06375000000000003 0.19606000000000007
2 0.49406249999999996 0.6575985 0.06437500000000002 0.22701700000000002
2 0.5643750000000001 0.5257970000000001 0.04874999999999996 0.197936
2 0.5759375 0.6355535 0.07187499999999991 0.2448410000000001
2 0.6196875 0.49015 0.06187500000000001 0.17729799999999996
2 0.6375 0.6228895 0.04874999999999996 0.21200700000000006
2 0.66625 0.5745775 0.040000000000000036 0.184803
2 0.6984375 0.522514 0.05812499999999998 0.23076999999999998
2 0.7625 0.528612 0.05999999999999994 0.214822
2 0.8321875000000001 0.555347 0.06437499999999996 0.21951199999999998
2 0.895 0.555347 0.05874999999999997 0.23827399999999999
2 0.950625 0.55863 0.05999999999999994 0.197936
