2 0.026562500000000003 0.5379925 0.015625000000000003 0.04971900000000007
2 0.043437500000000004 0.5675425000000001 0.028125000000000004 0.08067499999999994
2 0.060625 0.5361165 0.011250000000000003 0.03846100000000008
2 0.1059375 0.5717635000000001 0.020625000000000004 0.10225099999999998
2 0.1340625 0.571295 0.018125000000000002 0.08817999999999993
2 0.2021875 0.5182925 0.015625 0.029081000000000023
2 0.22125 0.514071 0.020000000000000018 0.020638000000000045
2 0.401875 0.5267355 0.09500000000000003 0.11163299999999998
2 0.409375 0.20966200000000002 0.05125000000000002 0.04596599999999998
2 0.46562499999999996 0.21153850000000002 0.04999999999999999 0.04596700000000001
2 0.5659375 0.220919 0.03312500000000007 0.04596600000000001
2 0.5774999999999999 0.566135 0.05625000000000002 0.12851800000000002
2 0.8643749999999999 0.64212 0.036250000000000004 0.12288999999999994
2 0.926875 0.7757975 0.09624999999999995 0.35834900000000003
2 0.941875 0.5891185 0.008750000000000036 0.05628499999999992
2 0.9521875 0.5952155 0.014375000000000027 0.05159500000000006
2 0.979375 0.718105 0.040000000000000036 0.263602
