1 0.48062499999999997 0.680833 0.10249999999999998 0.08499999999999996
1 0.0378125 0.5904165 0.075625 0.060832999999999915
1 0.17906249999999999 0.40625 0.356875 0.239166
1 0.113125 0.6016665 0.08749999999999998 0.061666999999999916
1 0.3671875 0.33958350000000004 0.01937500000000003 0.024166999999999994
1 0.3784375 0.3845835 0.02437499999999998 0.02083299999999999
1 0.44562500000000005 0.4441665 0.14625000000000005 0.17333300000000001
1 0.425 0.6120835 0.08875 0.06583300000000003
1 0.42781250000000004 0.5408335 0.060624999999999984 0.05666700000000002
1 0.4109375 0.3479165 0.016874999999999973 0.025832999999999995
1 0.48375 0.4991665 0.04375000000000001 0.06333299999999997
1 0.595 0.4791665 0.15249999999999997 0.09666699999999995
1 0.5956250000000001 0.7104165 0.10750000000000004 0.07583300000000004
1 0.5671875 0.38875000000000004 0.01937500000000003 0.02916599999999997
1 0.6278125 0.4079165 0.02937499999999993 0.04583300000000001
1 0.6521875 0.3479165 0.016874999999999973 0.025832999999999995
1 0.69625 0.68125 0.09999999999999998 0.07583399999999996
1 0.7024999999999999 0.63 0.07874999999999999 0.050000000000000044
1 0.71375 0.5291665 0.09000000000000008 0.148333
1 0.696875 0.4125 0.028750000000000053 0.05499999999999999
1 0.749375 0.401667 0.03499999999999992 0.04500000000000004
1 0.755625 0.4225 0.03499999999999992 0.034999999999999976
1 0.7821875 0.6995835 0.06937499999999996 0.08583300000000005
1 0.7946875 0.35875 0.016874999999999973 0.027500000000000024
1 0.7996875 0.3554165 0.024375000000000036 0.024166999999999994
1 0.8246875 0.5670835000000001 0.05687500000000001 0.08583299999999994
1 0.8731249999999999 0.72375 0.10999999999999999 0.07916600000000007
1 0.87 0.57875 0.043749999999999956 0.07416599999999995
1 0.94625 0.6775 0.07999999999999996 0.058334
1 0.9771875 0.6895830000000001 0.04437500000000005 0.03749999999999998
1 0.979375 0.7129165 0.040000000000000036 0.035833000000000004
1 0.98 0.742083 0.03875000000000006 0.022500000000000075
