2 0.5115625 0.7225 0.06937500000000002 0.20999999999999996
2 0.2953125 0.317083 0.02562500000000001 0.07250000000000001
2 0.2978125 0.29416699999999996 0.015625 0.044999999999999984
2 0.3828125 0.3204165 0.01937500000000003 0.06916699999999998
2 0.4375 0.6929165 0.036250000000000004 0.170833
2 0.474375 0.634583 0.044999999999999984 0.11250000000000004
2 0.47468750000000004 0.33999999999999997 0.018125000000000002 0.07
2 0.514375 0.375 0.040000000000000036 0.05500000000000005
2 0.530625 0.5375000000000001 0.04875000000000007 0.04833399999999999
2 0.5828125 0.595 0.03437499999999993 0.11166600000000004
2 0.6190625000000001 0.662917 0.06562499999999993 0.16249999999999998
2 0.6009375 0.2995835 0.026874999999999982 0.06583300000000003
2 0.61625 0.55625 0.030000000000000027 0.09250000000000003
2 0.613125 0.2929165 0.012499999999999956 0.06916700000000003
2 0.6403125000000001 0.2791665 0.028125000000000067 0.096667
2 0.6675 0.286667 0.012499999999999956 0.06
2 0.6784375 0.2691665 0.021874999999999978 0.09833299999999998
2 0.8515625 0.5120835 0.295625 0.27416700000000005
