1 0.7878125 0.3954805 0.073125 0.08097900000000002
1 0.040625 0.359228 0.05750000000000001 0.06497200000000003
1 0.12843749999999998 0.3097925 0.06687499999999999 0.056496999999999964
1 0.143125 0.2095105 0.0625 0.07062100000000002
1 0.166875 0.8940680000000001 0.07125000000000001 0.04613999999999996
1 0.1753125 0.989642 0.03937499999999999 0.01883199999999996
1 0.19624999999999998 0.36393600000000004 0.05374999999999999 0.09133799999999997
1 0.2534375 0.8691145 0.06812499999999999 0.07721299999999998
1 0.2628125 0.4877585 0.06937499999999999 0.07156299999999999
1 0.31875 0.576271 0.05249999999999999 0.06403000000000003
1 0.35968750000000005 0.530132 0.06562499999999999 0.07533000000000001
1 0.39249999999999996 0.6643125 0.06124999999999997 0.042372999999999994
1 0.4128125 0.6120525 0.07187499999999997 0.06214699999999995
1 0.42781250000000004 0.8272124999999999 0.075625 0.032957000000000014
1 0.4696875 0.4962335 0.073125 0.06967899999999999
1 0.474375 0.22128050000000002 0.05624999999999997 0.06026300000000001
1 0.5193749999999999 0.2612995 0.05874999999999997 0.04802299999999998
1 0.54375 0.2886065 0.053750000000000075 0.07062099999999999
1 0.5565625000000001 0.658192 0.06937500000000008 0.05461399999999994
1 0.5565625 0.598399 0.06687500000000002 0.06497200000000003
1 0.606875 0.27777799999999997 0.0525000000000001 0.07344599999999998
1 0.6359375 0.7829565 0.06187500000000001 0.04802300000000004
1 0.6725 0.8822975 0.0625 0.07721299999999998
1 0.6846875 0.5753295 0.06687500000000002 0.06967899999999994
1 0.6853125 0.722693 0.06562500000000004 0.04802200000000001
1 0.6896875 0.7829565 0.06687500000000002 0.051788999999999974
1 0.705625 0.4872885 0.057499999999999996 0.03672300000000006
1 0.7184375000000001 0.7900185 0.07062500000000005 0.07721299999999998
1 0.76125 0.8032014999999999 0.05625000000000002 0.08097900000000002
1 0.8265625 0.8870054999999999 0.06937499999999996 0.067797
1 0.9278125 0.545198 0.06687500000000002 0.06403000000000003
