2 0.1578125 0.246248 0.078125 0.349906
2 0.1053125 0.6074109999999999 0.186875 0.34990599999999994
2 0.2021875 0.9160415 0.13937499999999997 0.166041
2 0.29125 0.5450280000000001 0.15125 0.363978
2 0.2840625 0.258912 0.078125 0.302064
2 0.4290625 0.5595685 0.13937500000000003 0.40431500000000004
2 0.6378125 0.8044089999999999 0.13187499999999996 0.38930600000000004
2 0.685 0.532833 0.09124999999999994 0.442776
2 0.8540625 0.3968105 0.2243750000000001 0.390243
2 0.8996875 0.329268 0.17937499999999995 0.38836800000000005
