2 0.051269499999999996 0.733724 0.026366999999999995 0.08984399999999992
2 0.0966795 0.7727865 0.04296900000000001 0.17057299999999997
2 0.13525399999999999 0.7675784999999999 0.04980399999999999 0.17057299999999997
2 0.19628900000000002 0.9166665 0.14843800000000001 0.16406299999999996
2 0.15966799999999998 0.7643225 0.051758 0.171875
2 0.178711 0.765625 0.03906200000000001 0.16666599999999998
2 0.2050785 0.7552085 0.029297000000000017 0.16927100000000006
2 0.225586 0.7617185 0.025389999999999996 0.171875
2 0.2670895 0.7753905000000001 0.08496100000000001 0.214843
2 0.279297 0.6601565 0.02734399999999998 0.08072899999999994
2 0.3486325 0.6959635 0.015625 0.040364999999999984
2 0.3720705 0.688151 0.015625 0.040363999999999955
2 0.43359400000000003 0.715495 0.072266 0.17838599999999993
2 0.513672 0.698568 0.041016 0.10026000000000002
2 0.5532225 0.6888019999999999 0.014649000000000023 0.05468799999999996
2 0.583496 0.6920569999999999 0.016602000000000006 0.06380200000000003
2 0.648926 0.6959635 0.024413999999999936 0.10546899999999992
2 0.7221679999999999 0.6979165 0.024414000000000047 0.10156299999999996
2 0.8251949999999999 0.7122395 0.04882799999999998 0.14322900000000005
