2 0.0653125 0.9193245 0.130625 0.15947500000000003
2 0.20437499999999997 0.9075985 0.10374999999999998 0.18292699999999995
2 0.1875 0.550188 0.0625 0.19418399999999997
2 0.2428125 0.5079735 0.026874999999999982 0.10225100000000004
2 0.2725 0.5839585 0.04874999999999999 0.18480299999999994
2 0.2815625 0.4394935 0.030625000000000013 0.10412700000000003
2 0.3071875 0.9512195 0.08187500000000003 0.09568500000000002
2 0.31937499999999996 0.6336775 0.05499999999999999 0.20731699999999997
2 0.32125 0.4812385 0.04625000000000001 0.15947500000000003
2 0.3659375 0.7138835 0.07687499999999997 0.29080700000000004
2 0.4153125 0.8733584999999999 0.07312500000000005 0.25140700000000005
2 0.4115625 0.529081 0.03687499999999999 0.15197
2 0.4309375 0.5830204999999999 0.044375 0.18667899999999998
2 0.4553125 0.768293 0.080625 0.21575999999999995
2 0.45781249999999996 0.566604 0.03937499999999999 0.180112
2 0.5078125 0.9493435 0.09562500000000002 0.099437
2 0.525 0.47420249999999997 0.06125000000000003 0.16604100000000005
2 0.5293749999999999 0.7251405 0.057499999999999996 0.25140700000000005
2 0.5621875000000001 0.6299250000000001 0.06437499999999996 0.19230800000000003
2 0.5834375 0.44277649999999996 0.046875 0.14071299999999998
2 0.6071875 0.8522514999999999 0.08687500000000004 0.20919300000000007
2 0.605625 0.587242 0.05125000000000002 0.15384600000000004
2 0.640625 0.7471855000000001 0.05875000000000008 0.09662300000000001
2 0.6812499999999999 0.9385555 0.09999999999999998 0.12101300000000004
2 0.6615625 0.544559 0.046875 0.09099400000000002
2 0.6596875 0.60788 0.038124999999999964 0.10131400000000002
2 0.68125 0.6866795 0.05125000000000002 0.14446500000000007
2 0.718125 0.597092 0.05249999999999999 0.10037600000000002
2 0.775625 0.910882 0.135 0.17635999999999996
2 0.7418750000000001 0.6791745 0.05124999999999991 0.09380900000000003
2 0.7621875 0.641651 0.03312500000000007 0.09943800000000003
2 0.805625 0.715291 0.08499999999999996 0.10600399999999999
2 0.9403125 0.8316135 0.11812500000000004 0.28048699999999993
