2 0.028125 0.7833025 0.0425 0.07692300000000007
2 0.0871875 0.756098 0.024375000000000008 0.065666
2 0.150625 0.847092 0.07999999999999999 0.15384600000000004
2 0.1909375 0.8072235000000001 0.03937499999999999 0.098499
2 0.204375 0.7349905 0.015000000000000013 0.04784300000000008
2 0.2228125 0.6857409999999999 0.026874999999999982 0.04315199999999997
2 0.23343750000000002 0.7406195 0.029375000000000012 0.032833
2 0.2684375 0.7218575 0.03562500000000002 0.04971899999999996
2 0.3025 0.739681 0.040000000000000036 0.04408999999999996
2 0.3215625 0.606004 0.02437499999999998 0.024390000000000023
2 0.3365625 0.6336775 0.023125000000000007 0.027204999999999924
2 0.350625 0.713884 0.04125000000000001 0.061914000000000025
2 0.3696875 0.7983115000000001 0.06437499999999996 0.09380899999999992
2 0.3528125 0.6041274999999999 0.025624999999999953 0.016884999999999928
2 0.3690625 0.630863 0.021874999999999978 0.03658600000000001
2 0.4 0.706379 0.04250000000000004 0.065666
2 0.3915625 0.6280490000000001 0.015625 0.015947999999999962
2 0.4140625 0.60788 0.01937500000000003 0.016885999999999957
2 0.5271875 0.349437 0.23312500000000003 0.40806800000000004
2 0.45 0.822702 0.057499999999999996 0.09005600000000002
2 0.4459375 0.6177295 0.029374999999999984 0.032833
2 0.459375 0.795966 0.04125000000000001 0.05910000000000004
2 0.46375 0.6890244999999999 0.04249999999999998 0.053470999999999935
2 0.4690625 0.773452 0.026874999999999982 0.029079999999999995
2 0.49906249999999996 0.847092 0.07437500000000002 0.065666
2 0.4765625 0.606004 0.021874999999999978 0.020637999999999934
2 0.5553125 0.890244 0.13312499999999994 0.15197000000000005
2 0.51125 0.706379 0.018750000000000044 0.018761999999999945
2 0.5118750000000001 0.7678240000000001 0.01749999999999996 0.02157599999999993
2 0.538125 0.7753285 0.05999999999999994 0.070357
2 0.5278125 0.606942 0.01937500000000003 0.018761999999999945
2 0.5465625000000001 0.806754 0.038125000000000075 0.08818000000000004
2 0.5540625 0.6561915 0.028124999999999956 0.029081000000000023
2 0.5728125 0.7063790000000001 0.041874999999999996 0.033772000000000024
2 0.5740625 0.672139 0.026874999999999982 0.02157599999999993
2 0.6028125 0.7748595 0.06187500000000001 0.07692299999999996
2 0.6112500000000001 0.6683865 0.018749999999999933 0.03470899999999999
2 0.6296875 0.6060034999999999 0.015625 0.01313299999999995
2 0.6325000000000001 0.6397744999999999 0.007499999999999951 0.011256999999999961
2 0.6465624999999999 0.6561915 0.028125000000000067 0.032833
2 0.6490625 0.6665105 0.018124999999999947 0.027204999999999924
2 0.66875 0.770169 0.04749999999999999 0.09005599999999991
2 0.6581250000000001 0.597561 0.015000000000000013 0.022513999999999923
2 0.6984375 0.8109755000000001 0.078125 0.098499
2 0.6715625000000001 0.651501 0.021874999999999978 0.030955999999999984
2 0.68875 0.658068 0.03374999999999995 0.04408999999999996
2 0.7084375 0.7218575 0.03187499999999999 0.04784299999999997
2 0.71625 0.6050655 0.016249999999999987 0.011256999999999961
2 0.7303124999999999 0.638837 0.01937500000000003 0.020637999999999934
2 0.7328125000000001 0.6106940000000001 0.01937500000000003 0.015010000000000079
2 0.7465625 0.737805 0.028124999999999956 0.044090000000000074
2 0.7571875 0.6533774999999999 0.026874999999999982 0.03470899999999999
2 0.7671875 0.613977 0.028124999999999956 0.02157600000000004
2 0.7734375 0.6815195000000001 0.030624999999999902 0.032833
2 0.781875 0.7786115 0.04499999999999993 0.071295
2 0.788125 0.6575985 0.016249999999999987 0.02626700000000004
2 0.8143750000000001 0.8030014999999999 0.05874999999999997 0.07692299999999996
2 0.7978125 0.612101 0.013124999999999942 0.02157600000000004
2 0.8953125 0.8334895 0.208125 0.331145
2 0.8021875 0.64212 0.014374999999999916 0.01970000000000005
2 0.815 0.6219509999999999 0.018749999999999933 0.020638000000000045
2 0.8259375 0.6693245 0.023125000000000062 0.03846100000000008
2 0.8590625000000001 0.662758 0.03562499999999991 0.05159400000000003
2 0.8590625000000001 0.628049 0.02312499999999995 0.025328000000000017
2 0.8959375 0.6674485 0.026875000000000093 0.04596700000000009
2 0.9659375 0.6050655 0.0318750000000001 0.071295
2 0.98875 0.5947465000000001 0.02124999999999999 0.07692299999999996
