1 0.728125 0.662758 0.06499999999999995 0.08724199999999993
1 0.0153125 0.12007499999999999 0.030625 0.05628599999999999
1 0.0896875 0.409006 0.075625 0.06754199999999999
1 0.1546875 0.22326449999999998 0.086875 0.05816099999999999
1 0.275 0.305347 0.05124999999999996 0.038461999999999996
1 0.2878125 0.41275799999999996 0.07687499999999997 0.06003799999999998
1 0.30656249999999996 0.095216 0.03937499999999999 0.044090000000000004
1 0.315 0.5384614999999999 0.04625000000000001 0.05816100000000002
1 0.35375 0.1163225 0.05249999999999999 0.052532999999999996
1 0.47375 0.373827 0.05125000000000002 0.04409000000000002
1 0.530625 0.7875235 0.06000000000000005 0.055346999999999924
1 0.5696875 0.565197 0.04312500000000008 0.04971800000000004
1 0.5874999999999999 0.261257 0.04874999999999996 0.042214
1 0.623125 0.502814 0.05249999999999999 0.08630399999999994
1 0.6478124999999999 0.920732 0.030625000000000013 0.038461999999999996
1 0.738125 0.415103 0.050000000000000044 0.042213999999999974
1 0.7640625 0.9901500000000001 0.016874999999999973 0.01782399999999995
1 0.7990625 0.9310505 0.04062499999999991 0.03846100000000008
1 0.8768750000000001 0.8864915 0.05500000000000005 0.05065699999999995
1 0.9303125 0.8935275 0.06562500000000004 0.055347000000000035
