2 0.1046875 0.6993435 0.163125 0.599437
2 0.26187499999999997 0.6444650000000001 0.11249999999999999 0.21763600000000005
2 0.2546875 0.5694185 0.08062499999999997 0.12195100000000003
2 0.3871875 0.638368 0.143125 0.25985
2 0.4828125 0.5675425000000001 0.11187499999999995 0.14071299999999998
2 0.5506249999999999 0.5900565 0.11124999999999996 0.230769
2 0.6043750000000001 0.5379925 0.0675 0.12288899999999997
2 0.65 0.5731705 0.053749999999999964 0.14446499999999995
2 0.6878124999999999 0.6027205 0.11187500000000006 0.19981300000000002
2 0.7203125 0.566604 0.11812500000000004 0.13508399999999998
2 0.7428125 0.7002815 0.12687500000000007 0.22045099999999995
2 0.8015625 0.6538465 0.11937500000000001 0.24765499999999996
2 0.9028125 0.4835835 0.193125 0.430581
