2 0.19125 0.31962 0.020000000000000018 0.05949399999999999
2 0.22312500000000002 0.37784799999999996 0.009999999999999981 0.05696200000000001
2 0.27125 0.47025300000000003 0.04749999999999999 0.21645600000000004
2 0.5346875 0.4930375 0.22687499999999994 0.17848099999999995
2 0.6478125 0.5031645 0.038124999999999964 0.153165
2 0.6740625 0.463291 0.02937499999999993 0.07341799999999998
2 0.6928125 0.442405 0.015625 0.062026000000000026
2 0.7640625 0.5145569999999999 0.08062499999999995 0.15822799999999992
2 0.7684375 0.48291150000000005 0.06437500000000007 0.11772100000000002
2 0.8953125 0.5322785 0.114375 0.15822700000000006
2 0.889375 0.44556950000000006 0.05625000000000002 0.18734100000000004
2 0.9765625 0.5310125 0.04562500000000003 0.165823
