1 0.5090625 0.3977485 0.06812499999999999 0.14446499999999995
1 0.016875 0.56379 0.03375 0.05816200000000005
1 0.04625 0.5581615 0.05499999999999999 0.07317099999999999
1 0.32875 0.3175425 0.058750000000000024 0.11538499999999996
1 0.63875 0.6369605 0.05125000000000002 0.138837
1 0.6637500000000001 0.6369605 0.057499999999999996 0.14258899999999997
1 0.701875 0.641651 0.10875000000000001 0.17823599999999995
1 0.6871875000000001 0.6519699999999999 0.03562499999999991 0.15009400000000006
1 0.7646875 0.6233585 0.08562499999999995 0.137899
1 0.7996875 0.6580675 0.07562500000000005 0.166041
1 0.8415625 0.624296 0.083125 0.10975600000000008
1 0.9025000000000001 0.660882 0.11750000000000005 0.17917400000000006
1 0.8840625 0.629456 0.078125 0.08442799999999995
1 0.9115625 0.596623 0.048125000000000084 0.061914000000000025
1 0.9675 0.6407130000000001 0.05249999999999999 0.10694199999999998
