2 0.065625 0.8311565 0.11624999999999999 0.315299
2 0.12562500000000001 0.6660445 0.15125 0.5037309999999999
2 0.310625 0.639925 0.29125 0.716418
2 0.2 0.737873 0.0625 0.29291
2 0.22312500000000002 0.5578354999999999 0.04124999999999998 0.08582100000000004
2 0.484375 0.6669775 0.12125000000000002 0.5951489999999999
2 0.646875 0.646455 0.40874999999999995 0.7033579999999999
2 0.516875 0.43470149999999996 0.05124999999999996 0.04850700000000002
2 0.5643750000000001 0.6875 0.12124999999999997 0.6212679999999999
2 0.921875 0.5634330000000001 0.15375000000000005 0.44403000000000004
