2 0.1875 0.6558335 0.03749999999999998 0.12166700000000008
2 0.26875 0.6629164999999999 0.05000000000000002 0.12583299999999997
2 0.2634375 0.6070835 0.016874999999999973 0.02416700000000005
2 0.2784375 0.651667 0.018125000000000002 0.10000000000000009
2 0.3375 0.65375 0.03750000000000003 0.1441659999999999
2 0.3565625 0.6391665 0.02937500000000004 0.10333300000000001
2 0.3821875 0.6275 0.016874999999999973 0.07999999999999996
2 0.5921875000000001 0.6404164999999999 0.030625000000000013 0.07416699999999998
2 0.6234375000000001 0.6358334999999999 0.020625000000000004 0.04833300000000007
2 0.6821875 0.6695835 0.021874999999999978 0.0841670000000001
2 0.7112499999999999 0.4879165 0.036250000000000004 0.12083299999999997
2 0.7040625 0.6441665 0.01937500000000003 0.05666700000000002
2 0.7171875000000001 0.672917 0.021874999999999978 0.08750000000000002
2 0.7609375 0.66125 0.026874999999999982 0.09083400000000008
2 0.7846875 0.6441665 0.015625 0.05666700000000002
